11335694
15850749
17266106
17409238
18817740
21305668
21725038
21880922
22073183
22209784
22440654
22514317
23202664
23261640
25771712
25811453
25852527
25875594
25935068
26000735
26116964
26125559
26142270
26341544
26419391
26452176
26584870
26806289
27107470
27391013
27633395
27677231
27845254
27864079
27864082
27908787
27989774
28129057
28168598
28179164
28219776
28246034
28300639
28320846
28392763
28439014
28441460
28521007
28701382
28709987
28827095
28968426
28991914
29084283
29131744
29337278
29496614
29542095
29753107
20509977
19289173
21473890
21653723
22198968
22675289
23382821
23485851
23578759
23760982
24236763
24243619
24269492
24282397
24553928
24824880
24844746
24979343
25324714
25527113
25603027
25671502
25798082
25844531
26218431
26222050
26254112
26301954
26350954
26434803
26635585
26696871
27014038
27662589
28160686
28213119
28605662
28716966
28729441
28946039
28957344
29107746
29107769
29107771
29518712
29519851
29556183
