18501969
20699123
22984396
22559794
22072682
19608365
19351356
20068581
17133382
21775199
21867762
21545807
18314351
17638781
19358006
19879918
18072279
21360741
20814964
19292755
21957241
18584043
17763497
21248684
17590355
22133409
19166996
17828669
22623904
18050246
17202490
22360275
21051038
21900564
21187930
18649353
22701630
19101639
20127870
21150057
19041348
19968401
18789154
21826760
17134917
17034034
17894392
18672231
19146358
17274023
17979119
21780948
23028775
19507155
21096645
20227508
21600293
21150060
19375260
20047503
20842164
23119093
19837176
20039023
21756946
22138120
20100584
19372696
21232892
22456451
19226186
20116435
18284352
19891800
22013235
22916152
19847047
19645622
22194902
21567664
21592468
18465788
21811288
18448634
20940222
20533562
21897444
19189286
18178485
18239615
20975662
20958334
21962981
21047559
23226208
19920062
20808693
21778672
18550595
21742043
18839093
23133615
18193280
20052528
21416563
17688965
21842407
20957158
22860044
21175013
17395900
22938826
22037688
19880294
21636787
22809025
18343687
20123024
22121040
22844462
22255441
22110619
21997421
18830955
18619876
19782686
19490042
21503649
21953419
18588913
20690141
21930901
20535195
20116416
20838644
20879232
16767772
18701759
21925278
20060961
20962233
22606363
20711467
18838037
19621371
21884803
20444566
19781782
21986142
22114283
20400937
23049695
21157879
20056150
21633873
19344773
18286463
21430278
19922803
22125232
21750692
19703568
21472819
21693784
21692141
22701631
19453706
21799066
22647305
16761265
21199608
19481162
21797981
21255124
21271252
18804515
20682350
21905447
19666011
19342124
22563486
21625517
22227887
21715625
21635235
20379133
21483767
21893528
17133390
21822593
20153142
21173250
21632936
21317080
22457774
17199410
18392411
19836143
20571785
18162699
20176931
20139009
21092356
20011541
19261334
20371811
19777557
21129823
18632288
17558500
21334099
22432927
21106812
19025237
18383291
21160012
22254929
19507156
23025619
21618664
19139843
20063350
22081878
16944477
18412113
21134014
19533111
16718669
21775952
19232022
20600975
18082428
21396456
20011033
19322649
19233299
19369561
17327919
19036975
22242196
20628009
18412129
21256233
21611155
21799211
18160644
21839177
21209829
20018709
17702606
18429010
19418510
17928441
17483530
20800649
19285144
19826471
20172508
19260039
19290044
18172338
19483688
19571734
19429863
18322462
18003184
17156923
20695655
22016540
21777109
21881848
17670949
19857008
19710378
21357529
20634590
19410589
21356314
21515852
18174910
19566297
18650105
20547416
22254400
19460870
21982929
17071109
22973463
23285228
18438867
20615982
22095768
20069047
20600994
22675513
20884354
22031874
17636131
19222814
21698175
20153834
17005612
19555654
21998031
17532230
21945275
19777556
16718654
19918078
18367419
19963356
18064582
21995446
18849533
20496060
20398769
22101143
21642353
18412112
17350756
19306445
22003388
19586700
20047689
21499781
20080877
19745020
20395549
19727810
20624471
22567054
20231475
21982164
20679585
20534464
22121048
21835249
21053763
17245581
21764527
17321151
20858544
18406629
18661503
17272960
17942738
22006060
18325582
21477286
19280693
18617569
19889846
22066005
21765915
19336984
18201906
18353285
23028661
18579085
17675368
22180777
18367603
20502888
20811624
18203622
18286510
20975836
19457398
19349244
23056205
19765205
18543368
20729527
19018279
19934999
21148010
21763437
19662656
19570639
20703221
20230107
19345736
21456833
18330872
18554928
20304792
21533283
18093924
17683220
19912175
20162603
17094119
19568609
20493671
20439733
19428411
20703687
17986612
18478105
21900068
23227167
21534685
20421953
23284783
19733247
19844243
17596454
18592040
16639742
20805236
17936016
17476480
21743159
20971474
20876002
21447093
17360913
22479547
18077383
19720072
19570641
21760881
18796186
19058792
19351556
21047558
20729530
22131377
19652698
17604356
21497490
19349235
20665717
21311759
21411108
19273460
19470476
22198972
19237342
20659822
20981611
17499456
17686438
19294641
19349234
18304205
18266213
21574207
17457883
17239915
20457911
20648039
18226937
18663302
18400954
17989234
22029352
20176690
21147234
17979120
22339229
20056152
23286053
20004725
17598166
20178033
19680553
22485152
17260355
19400879
22433051
18611446
19243926
19710310
17998539
20977537
19922343
17094120
22654651
18997869
20433227
22432452
22213428
21337404
18979834
19319895
19233234
16639427
23155450
19081383
20335536
19386636
17196255
18345979
18978212
18024159
17437293
19272913
20380011
19211876
21897353
18055184
21359508
21980454
21931652
23286051
21249224
18597227
16959868
19110061
21172900
17336502
21501165
22036177
20100882
21703352
21993878
22428022
20561919
21637754
18465746
17065251
21743819
21565227
19027079
19913944
22028917
19074498
20331499
19815081
19107750
17643400
19446457
18413922
20494627
22356173
18256259
21849612
18649351
19663870
21908130
22912894
18201838
19334060
17924543
17634095
17645544
20810685
19243925
20369004
20739559
21989084
19339462
20533563
22120754
18034695
17123836
19005004
19387980
18308708
20026185
17553119
19740732
18788652
17260360
19726653
18837865
19695810
19631755
17979117
21917999
18784267
19086201
17169343
20616025
17563353
22615802
19304866
19875650
22220190
21587158
20113879
18815373
19357266
22832521
21182971
21854971
20378397
21515639
20347995
18330705
22276215
21181800
21109253
21943208
19640477
20668437
18372290
21546927
17964167
18356027
20702500
19040188
18678469
21330218
21709173
21674615
17672380
18329633
19052227
20506181
21620985
20620879
21968929
17582746
20415605
19183218
16923324
21094258
17260372
20472070
19015080
20096793
20440296
21898674
23251496
19674842
18675363
18378166
21337414
22079448
20025981
18632884
19146655
17979124
21731479
17215145
18387821
22479499
19817808
21795540
19956088
20562317
20332031
22089142
17919083
21586328
19629052
22319607
20623748
19026717
19900561
18582578
17987058
22209640
18234518
18231593
23056400
20533558
21151556
19285142
19449373
19151375
21692148
19620178
16500004
18057110
20205245
21399712
19709652
20561317
22879964
21849065
19945255
20819988
21982165
19552302
22267967
22006034
21718731
20084170
18430744
19100845
17412611
19692672
21753011
22085135
18971473
20363808
18380676
18439412
22389627
20032242
17157417
21926468
19651613
20980595
18440831
17538951
20011540
19944767
21896496
20121315
18710652
20211704
19160509
19570530
22412922
20090680
19398014
18848444
19833321
19698727
18365029
21972425
21289180
18723676
22761880
19365394
22047731
17846109
20553873
19021411
20669164
21628569
18400791
21029780
23209599
18790064
18971465
18322002
21255663
22010901
20973710
21983794
21368086
19457356
22119653
18068690
22038783
21296712
19837177
20406268
19616105
22037420
21705394
20589879
17909128
20974272
18682729
21620708
19004769
19485660
21713027
21692146
16952916
22046422
18976717
17715196
20881108
17765877
22163328
20494338
18181882
21644985
18499478
18571794
17658273
17133396
19957266
21259385
20136924
18677746
21574047
19890012
17191247
20028354
22563460
17208260
21555634
19718256
18706701
20065955
22496909
21625492
21283683
21729758
22532832
19107187
20525202
20063353
19416820
17427209
17916328
17101280
21703287
18493621
22715374
21527413
17093130
20808870
17596416
18538587
21359184
22596271
22203319
20519541
19853664
20849856
20668196
19242539
18072830
21570425
21906049
21889195
17715198
21770921
21307231
21908126
20185626
19941658
18003884
19737873
20829245
17287238
21408006
22433053
19120444
17869543
19107465
20472076
21118983
21646444
17804619
19231480
17274684
22924089
19146352
18164629
21224415
19924114
19571268
19966327
17189619
19847160
19176471
21090881
19633063
21496490
18474845
19794914
21787869
19277108
18634891
19716894
19073802
21656557
19172631
21256967
19740135
21820308
22019879
22102882
21889994
18816821
22164273
18191583
19585350
23020103
18846222
22433049
21945593
21609968
18657177
20203139
21794852
20462326
19319900
20943065
17209975
19264142
20336685
19435709
22028765
21995038
17598165
19526512
20720103
21897354
21177048
19407219
19945536
20964954
19371788
21245297
21252551
18479670
20576647
19409498
19812343
18292747
19556548
21430147
22132136
20096539
17289403
21296649
18562019
19450613
20600186
21681221
20215938
19692211
19176813
21520346
17654574
19122007
22155378
17368939
22912754
18160181
21548928
21248710
20156571
22666470
21502953
19830684
20188768
22003983
17851984
22119651
21643733
21283580
17636562
22629375
22095209
18539559
21912694
19449331
17370340
21849560
21111828
22319604
19118182
21640782
18664692
17296315
19646238
22155031
23251595
21412224
17428266
19394205
21937201
21159322
21820247
18938066
21148091
17244844
20188184
20421135
17507573
19756551
20477775
19809125
21763642
20479939
22255477
21549723
21948954
20728549
21251646
22912831
19138702
18335036
17649909
21391250
21080967
19710923
17369516
20570737
19684560
19221144
18180125
20028366
20610743
20053913
21858868
22227139
18367410
21976392
19862697
18987393
20060479
20661957
19183133
19501072
21389303
18412134
19107755
17318835
19244353
21232613
19086021
21865456
19587291
19398017
21714745
21208991
21068318
19211872
20450898
20660416
19950195
21146553
19263420
21500317
21654735
19190727
20943902
21642004
18971297
22911787
21989805
20691675
17318831
23029097
18815263
18079060
16944489
22209811
23166768
20336686
19778621
19892020
21245407
20600985
21430645
22363462
19235877
17392459
19636426
21714750
18819106
17689268
21915941
19409224
19631277
17287508
17983481
20633517
19411368
19594667
22109998
18329290
18519527
21846504
23049834
18927345
22937041
21041607
21511369
21111833
19066528
21063144
20336655
23166657
19925871
19446602
18003904
22912698
19492040
18641121
23119084
18692173
21391277
19553381
17133398
21738725
21515387
17978031
22531427
18514678
17287445
19418556
20433856
20876115
20731962
21574212
20097332
18724253
16434125
18635157
18184777
21354974
20932913
19365800
21194569
21154789
17600716
18234684
22701611
21259381
19237430
20681014
19232023
18655719
18480290
17197102
21048702
21029454
22097928
17459348
20122260
22010887
17437282
19235883
19595679
20143384
20162596
17010394
22102437
22066003
19350562
21557897
22606228
20537351
17415782
18829694
18383662
20863391
20005961
21421063
19818908
19621369
18972392
20130250
21567661
18058090
21516489
23028560
20814415
20385663
22078855
21807471
20826657
18359777
20567521
18711711
21965440
18592043
21078303
18672071
21267080
18266217
19062135
18930036
17392464
20945256
21898676
21040792
19239700
21183223
23029329
20520767
20084104
17921372
21753010
17390354
19112507
18447963
19014532
21126593
19086020
20967197
19427632
20188193
21934094
18717713
18418243
18350136
22162064
17652421
18524629
18787658
19224618
17708780
19107748
17583986
19515831
21438075
20691792
20432285
17274021
22156722
22100770
18266244
19572986
21152081
20814962
18537114
20205247
21760903
18514545
20021696
19552900
19457367
21203551
20461181
17525984
17596425
20631240
21795550
21031296
19335390
19621370
19490031
21640135
23145068
21854858
21801166
19306230
18985147
18725239
18096410
20604987
21567659
19818907
19780040
17094121
16718653
21513865
22123940
19631626
21676387
18509462
19959345
21480879
18329292
20167415
19193204
19267346
20673804
18387583
19772660
20842749
18413290
19387979
21945695
20071633
21269293
21775720
20231266
19181696
19850134
21049093
18511023
18226833
20373402
20674279
19554558
19159691
19015090
22133562
18711708
19776365
18591915
21606572
20139012
21980359
17227855
18095276
19750921
19465134
18445024
18599316
20949046
19360650
17898151
17065253
21165006
19357393
17476364
20967200
19028588
20434565
20105435
21971308
21544072
22848692
19560547
17601709
22623966
23049832
23226567
22019883
22563410
17846204
17133383
21875672
17948883
21529375
19770049
21294021
19388013
20463288
20375250
17958471
17761972
22162145
21938756
17517680
22238671
17920009
21262807
22432453
17137558
18950528
19522883
21567662
17467297
18982612
23029031
17274019
21305666
20974268
20705926
18547200
23185360
22238632
19462002
19585386
21737434
21945794
21818285
17490845
18639469
19381292
20426087
19531876
18692790
22105246
20132896
19015114
20112242
20930212
22768085
21782354
20056151
18219621
17524674
21976491
20658051
20736866
18790618
19321141
20884355
21349336
20598238
19007893
19572308
19350564
20869449
23209643
21146615
21546221
20300040
19058786
20814960
20063304
19922802
20373397
17657239
18799681
21723130
17698540
23227168
19081384
20705602
22808169
22952624
20877723
19184561
20150316
20026219
21232612
19162200
21232614
20669165
17885253
21165612
18337009
17971867
19084070
21151340
21500257
21150052
20096792
19467298
22761766
19782143
22723888
22412928
18513352
18760369
21483437
19467212
18697666
21640835
17274018
21621371
17990299
22155039
18427116
19590392
20350840
20686832
23028606
19170662
19345268
22952978
17848191
20934521
20070577
18511955
21961040
18649348
17487272
19813172
20420926
19357304
20732630
22102883
18439839
19457412
17900976
21296027
21803163
21606659
21674694
19236927
18958158
23227153
20840335
21912594
21304991
17290368
17157035
18427123
19096714
19651477
19393340
21455942
18167553
20436911
20068448
17336346
22887824
17688963
18054310
22066586
17878310
18791470
18665211
17525983
17931889
19124032
21738777
20879231
21885736
19620724
16772313
21330391
17297549
21995040
19714588
19303449
17314240
21134471
19350563
19755111
19658539
19725251
19158105
21489346
22693600
19233235
22432958
20348000
21896732
21640839
19651222
21591026
20861038
19132798
20179392
19273839
22109554
17525987
21743820
19371789
22275857
19757919
21676991
19447098
19823988
20625430
21769991
20510374
18421687
21044291
22574926
20553896
20412836
19165335
18431486
21404370
22768039
20578174
17418888
22155376
21606577
20034582
22432026
19710382
19948156
18978327
21458238
19747900
21858129
20696924
21737435
18198228
20457848
22227457
19549837
19538748
19778619
19579091
18768725
20698837
22110702
18621548
23251232
20808182
19015088
23285086
21140434
21391251
21396454
21998078
20205248
22119650
20434133
19015113
17080437
23209583
19737441
22479172
18079289
17383900
18634890
17112747
18424776
19245841
20484679
20685091
19643917
21824753
21686071
18602482
21135385
19755575
20850549
21609970
22184233
18977169
20725908
17612510
19100844
22155328
17098445
20709176
17133397
21425399
22049410
19549821
20823246
21885713
19793990
18727099
20005043
19500677
20525743
18248739
17982449
20035884
20885292
18465747
19913803
17306963
21931296
22715371
19015083
18568083
19569071
21976506
18419841
20886034
21414093
19758599
20660768
23226488
21072180
19955434
18041738
17011115
17476063
17081770
17538950
19204791
22574155
20026222
17618656
18596607
21723948
20347996
19336986
19058914
19240138
21966479
20921381
19196926
18382275
19302344
23074078
21854972
20439736
19015100
19376239
19559798
19944766
18661501
22021653
18455837
21982377
17616583
19371760
21273134
22242146
20457919
20420767
21362414
17519340
21305662
21960496
18633852
22237494
22056463
18997158
19490513
23110101
20740492
22496865
19712744
21547482
19100329
19002252
22768059
21931738
21948888
19451625
18460331
17596341
20059988
21953980
20421978
20616672
17160371
23286135
20006716
21429192
20117764
22194921
21078973
18674592
20412150
17710118
21115229
17698539
18633831
19393322
17126038
17920023
21821136
21077137
19378275
22682904
19397900
21553941
17541057
20379899
21917799
22131236
23144995
19416812
19720989
19208905
19854028
21934411
20114081
20008455
17999056
22178008
20494266
21425400
19956637
21073483
19833971
19632299
18330871
20689802
22433052
20961169
21994262
22848586
21482762
18771738
17989296
20441384
20035885
20182207
21223301
18411061
22000927
21499511
19327400
17151220
21300940
18242584
18211230
20660717
19554560
22115846
18584959
19805082
20011533
18989014
18711707
19778517
21168395
19710635
23300517
21938757
19736350
19573611
18842891
17315226
19969092
21755004
18378552
20829453
20626198
21677185
18077688
20554884
20829489
22624092
20725910
21414910
23300524
21672322
20045067
18657622
21317356
17916334
18977448
19076404
19461018
21391280
18981343
19650139
22155045
18176625
18976716
21896760
20419095
21294154
19815079
19520171
21697443
20668275
19493626
21391283
18057211
20373348
18274617
21524704
22015314
18207423
20869122
21515904
21715624
21695183
19673738
18954473
21618666
19605615
21930160
20599621
19300473
21966352
22207247
21126534
21612768
17596409
22355319
19118174
22235267
19628377
20233959
22840241
21592741
23365853
22860092
18184849
20538022
21764333
19215043
19074013
19433790
21484518
21499885
22015572
18562616
21825137
21628552
21771661
19738902
19805061
20502989
17715350
21982378
22132105
20725639
18211242
18294820
18958377
21228154
21705392
21974788
21767584
20580319
18621692
21829564
21328083
20724290
20974959
21729757
17958472
19465137
18728753
21887267
21761688
19621301
19118194
18716200
20440382
19016605
20152133
22174905
20350185
20974688
17492693
21326196
17329424
17551017
22574141
21601432
22905151
21945276
20805488
21261453
17948888
20181593
21987824
21315091
20728511
22131397
19146357
20528163
17372276
20419567
18983833
20220020
21126735
18823880
21232548
20520835
22500773
20229392
19142766
19688099
19580380
22160489
20336653
21439830
21122818
18184572
19553435
20980667
21075207
17652594
19632335
19347876
20617891
20688087
19914383
20566485
22178441
21917804
20579177
20980303
20176953
21516202
21957259
21333466
19644010
21067612
20937396
20308545
19271871
19129395
18510448
17113311
22056529
22119652
22952631
17616584
17579718
19225167
21156209
20851113
21394769
21207521
17626211
20521849
18316728
21044687
20715082
20869846
21984928
20083798
17643452
17573375
18954965
19442744
23251704
19463958
18416677
17404390
18985132
17094117
19967769
19639521
19015096
22121056
22640382
19465009
19287044
21975109
19174537
22105620
21059963
20719926
17190824
18000060
17133385
22102512
18045902
21763444
18835582
17719745
19732480
21183618
19340101
17884586
21940454
21044644
21399706
20087841
18537116
17942734
20125054
18579749
19647798
19864559
18775784
20521850
21715629
17855612
19158299
18400898
21677029
21968568
21433068
22110714
19449332
22076792
20711938
21945867
19349237
17598164
21393411
23145138
19381298
20670970
21938758
21784971
20350179
18976715
17101844
19936244
19172644
18823249
17616402
20570495
18219622
17709121
22682907
21726653
21368198
22255949
20135896
19005002
21545724
20233962
18064590
17488207
20534850
22008374
20399622
19225169
21976396
22114261
21931832
18804916
20645312
21135219
19646533
20147457
18064583
21382558
20600969
21138386
20133358
19321780
21168516
19540922
21769962
20851772
21697380
17392455
21976418
20433243
21692147
21832202
18793734
18829095
21515640
20696386
19553481
19477159
20304864
19218875
21391259
19580875
18241895
21970560
17522324
20738888
19052210
17188515
21846395
19642889
19351894
19357387
19235882
20446172
23152865
19520177
18846206
20117893
23185425
21922601
21098213
18976807
21185518
17717184
20140088
19557858
23029235
21195192
18423837
18957228
21077136
21896497
20817780
19656642
17409244
21378368
22172578
22125485
22720054
17126368
20715083
20460301
20032238
17525980
21671045
17881514
20147456
23056533
21515386
21998099
21077147
18094020
21296165
23185334
22970130
20132831
21248113
21209196
17716695
22038714
20371509
20194514
19695692
20720125
21179436
20504869
18382271
21514570
21382353
18329948
17408585
21914634
19273016
17574871
21183458
21646622
18163826
19258022
21319266
19174370
18322098
21593339
20107076
22745788
18667160
18384958
21255654
20881127
22558222
19048432
20956328
18595985
19923436
18060809
22916105
22808026
17428979
21575729
22156740
19435945
20215924
20954937
20631176
17468751
18356518
18586370
20696496
19184995
18216200
19117276
18197269
19015077
21677275
18797310
17850241
19136097
18757744
17537969
21629791
20637290
18043754
21205806
17274024
17764553
18752395
17884498
18394924
18542176
19320548
22114191
21709236
18568078
19551135
21347331
21483719
17490992
17690262
19585588
18650327
17893237
21680844
21179549
18095278
19528024
20530540
20118185
23227257
21281720
20814961
20497901
21376596
21127721
22021913
21264936
20619815
22662152
18711709
17133392
19859933
19819000
19481155
19292892
17229828
21311056
20881115
21315627
19407204
19357289
18583155
21998038
17894398
22238630
19530217
19020016
20233958
19620621
22197699
18985135
19307555
18345982
17217932
18787230
17913994
20814963
19107993
19523523
22066589
18985144
21444827
18272874
18056698
21664605
19625385
21568631
17390318
21119848
21299297
21596764
20669167
20231177
22088655
20830290
19912448
19321775
20668428
21785220
20463204
20624599
19485616
21163275
20573898
18345985
19805420
19826083
20141305
19034055
20025856
20445046
21593733
19674088
20179758
17318490
19050764
21041625
21391282
22666409
17554003
19333398
20628197
19748076
17428683
22792176
17133388
19647800
19874897
18559294
21949877
18064585
19445608
21364890
21709227
20333460
18985127
18550763
17147698
21772062
18585468
19996034
20861391
20964957
21195388
21520351
19707599
21521832
19805050
19515911
21945850
21935483
22189289
20599820
21932260
21220074
22209809
21849562
21471359
19592758
21436038
19546154
20501484
21787103
19524092
20573889
21932265
20107063
20571434
19656823
17208013
18486489
20418943
19118396
21715670
19568481
21337407
22022589
18219619
20108503
21787793
18289881
20846375
21078562
19803693
18164213
21693783
22171056
20026224
18703089
18958161
18757284
20673366
17610659
18799601
22216252
19328661
21159973
20631188
23074077
21148612
20127868
19294957
21237185
21228297
21737433
22170969
20708906
20921115
20600962
21555080
17317678
21368038
21763433
21148176
19657025
18753378
21414912
17239619
19434601
18674847
18562599
18031688
18586108
20610740
20433237
21254806
18474111
21763432
19047324
21093595
20534459
18093531
19533912
19254959
21609770
20946058
21232891
20417713
21391252
20300627
20162599
21914631
18509023
19781939
20877644
19585587
20022675
20026486
22384006
20045475
21199958
19211888
20146605
22110623
22008364
22021652
22062191
20808963
19172643
22073183
19323610
18165281
19321772
21637812
17678861
20662902
19843664
22113088
20934985
19940188
20164352
22937153
17204249
18982065
17478103
22761887
20566321
21753009
21504992
20032247
21829668
17690132
22792301
19015369
21068309
21775616
22256226
20207691
19523766
19676101
18702576
21994378
19649252
20188183
19429043
18412114
21612005
19414310
19906971
21441924
19525715
21368109
17942721
21520345
21057347
21471390
18855545
21170956
18166203
20127869
17360506
16779798
21316462
18266216
17190969
20869375
19397862
21981758
21127016
19641120
21861675
21703498
22021045
17804811
20302947
19559684
19152542
19594859
19117278
21282318
19682051
21193174
21402618
18275329
23071644
18752409
18457503
17067740
21546091
23366942
21471389
21333539
18515297
17329425
21859165
19307566
21766170
20053888
21985908
21490054
20457691
20472279
19342141
17566608
21769993
20215925
19446454
20926674
19129383
21451498
18524902
16963517
22024005
21280914
19559802
18854581
20980590
19882648
19920058
17990301
20395556
18495180
20685987
21377494
18480284
21957257
20960316
22063094
20452445
20410363
17223091
19306061
21665514
20466762
19915091
21794103
20072616
21676108
18790875
20657777
20463232
18723853
18823411
18987200
22615774
17920024
21298074
17884585
21768205
17518514
17028117
20356959
19875675
18381635
21625502
19896537
17240066
21945849
21484954
18675555
20660731
20433245
20016088
21653717
21151992
19211893
20629027
19783578
19244522
20881565
18820290
18769538
21834102
19015093
16933299
21273418
19692607
18820289
21586596
20162320
17292627
22563375
21411661
22745745
22590530
21942762
21799729
20298792
21330469
19413477
21972849
20194686
21935394
21723950
21664277
18248794
21908447
18718872
17651008
21878411
20861377
22833208
17933023
23056337
21829437
20503117
20962223
18455373
20530013
20164326
21083897
19101025
17942736
21906689
20427665
19457392
21389235
19400684
19357278
18495886
18671278
23185300
17542641
19261891
23035965
17415777
20555311
19766936
22108191
19384890
19176802
23082151
20837034
17390317
21761506
21532859
19780042
19583473
19781755
19412172
17455365
18236036
19564918
21289188
22036183
18784304
18729078
17959810
18321870
16997508
21172325
17699624
17450579
19940175
20600971
19907419
19052212
21157880
22887827
21962775
21925611
20728552
19620107
20883800
22870208
19781652
19240137
17258912
22020878
17112750
19412534
20339365
19679543
22916169
22629335
19492302
18004946
17553991
18958169
22432957
19034902
20497231
20739018
18656545
21394852
18483003
20350933
19304843
23145011
22479305
20150342
20488886
19184993
19603410
21976523
21683596
19010424
17611124
18030335
17202543
21633398
22427852
21494597
22020967
19940176
21701227
19052218
20926657
19429861
18240326
22159113
17215391
20702709
20962245
17948887
19212445
18590546
18971462
23251669
21248058
21885284
17537647
21325516
21183457
20963818
19026496
19166943
19717138
20645311
18476760
17474320
18281304
21300399
20235096
21084608
19864557
19328238
22227886
19052540
21568643
20083395
19584921
23049951
18032565
21984582
21568642
19401143
18045901
17575989
20385808
21725037
20433242
22219684
21513720
19679078
18985142
20554160
20034928
20205249
18391194
21880924
21820647
21898678
20484652
21525269
21762178
21454914
23251361
18480282
18322078
20488247
20220100
19350547
18775735
18771508
19481453
22428013
21818311
17636560
20621984
21823207
21593494
20634975
21927631
20019102
19046394
20625170
21334442
21195198
21270772
21972276
17376980
19904802
19361264
19793875
19505971
19414462
19812344
21671743
17925295
21432946
21685407
18605869
17359924
22848453
19278129
22254517
18231790
22536320
20493622
16928798
18685036
19597090
21613490
21930137
17938125
20147555
19487194
18412845
18431500
22159107
20558408
18923027
19148369
21840129
22900003
17321757
17913474
21368210
18515796
21571326
17283203
21738446
22911806
18465750
20739561
19429864
22131418
21574715
19895118
18344177
17351637
19530218
17653109
22114080
21209937
20845396
22276111
21334443
21620984
17284168
22276205
19015038
17516802
22174872
17122317
19386575
21093263
19020203
20010552
20016001
21719430
21920502
23015331
19931400
18329904
19065145
20728554
21296864
20038948
20805540
19718654
21041658
20087840
19015084
22040738
17626906
20071507
20603217
21917787
18666116
22072686
21593438
19281801
19713300
18649349
21677157
20505110
21419229
19446640
21543619
22815825
19409533
21521620
20693389
21900572
20123913
18842666
21549721
20176860
19164577
20974266
18255037
20418447
20120013
18779509
20385244
19858108
19398335
21471556
18305932
21625532
20558415
21734108
21653801
20130094
17135464
19229326
18710656
19449330
19296728
22024484
22848759
17957705
19675242
18303982
19401185
21734273
21169809
17470457
16718651
17548751
21144497
17236790
19812331
18843114
18381769
20041155
18778781
19072896
22291990
20720534
21441396
21262054
18835075
21559448
21209201
20203180
17881532
21490964
22022611
19726030
18247124
21982934
19026710
17113790
21937029
17433891
20932915
22254933
21839174
19308261
21559468
19238207
18495091
17336344
18095277
21261451
19309291
20660271
19759300
19467363
21331518
18555666
22132137
19279255
21045001
22004983
21676094
20237284
21411650
23185613
18284339
21415225
20711448
19790170
20656038
22037687
19500158
22185494
20656041
21365716
19884607
20147540
20538772
19744893
19147695
22448769
20309531
19846728
19403362
19268594
21954000
21438079
21289606
22048461
19698726
22682732
22176162
20498341
19761323
18420234
19969090
21391245
21152391
17583988
20368422
17827412
17379521
19434603
22173758
21536967
18973817
19782435
18344430
21187413
22021081
20226799
21914642
21676001
22063904
19789183
19243753
21256225
21391265
20573895
18077373
18678793
22044475
22174900
17158560
21609969
18077465
19692514
19642886
19823984
18337398
19925175
18093809
21518920
19882649
19422921
22116039
19777552
21733887
20203176
19479972
21700167
21073969
20943931
18823233
21613489
18570205
23028892
21145211
20814959
17267613
21408008
23093925
20071527
20430103
22016549
21203474
20212004
18454458
20668188
17904390
21616984
20933020
19632211
18370593
18326624
21861674
19341805
19517529
19957268
18674871
21994389
22032947
21233468
18281300
17266108
20970337
20679216
21956438
21257673
20519535
19773547
22682903
21430149
22682901
18604528
21932261
17989279
19553457
18650336
18203693
21544071
18284353
21148006
18987102
19925197
20063361
22768287
20980586
21368033
20420766
21157877
21658681
20884362
20082331
20184808
17958479
21881566
17251412
17804479
22792291
21471387
22036801
19428976
21229617
20004723
21559322
21220070
20881136
18160646
23049758
19023125
21391281
20529736
19714267
19574440
19065146
22137505
21976525
20863843
19757952
20600336
19448848
23185536
18057197
19347874
21500313
23028988
18305258
16761271
22570715
17014871
21060689
18726910
21757580
18072271
21976511
20138900
18823230
20886577
19704080
20600998
22102296
19861234
21135719
20181732
21371689
19726660
21468090
19427909
19172654
21289179
20127873
21922602
19505991
21153806
21447417
19592790
19150501
20108218
19938103
21914644
21783174
17460074
21259387
21238594
22006979
22042765
21795615
19940177
21084610
19180557
17989285
20720535
18945892
22937122
21497488
18177676
21764567
21346736
18992789
18042401
21420406
22698449
20845394
17949691
17284307
22432421
21308886
23185566
21976709
19679192
20493828
20221946
22189566
17133399
20980597
20096712
19675107
18396414
20483377
20064275
23155368
18308588
18452757
18004944
20021629
21929661
19107752
22116037
21664275
19158297
18843096
21720241
20479758
20607449
18823239
22159116
19339611
18172852
21484953
20826679
22032832
22574121
19849880
18814466
22319555
21145314
19545476
22155982
17482797
22497341
22124031
18578599
20650450
22137506
20797730
19539268
19259970
21939773
21673969
19605539
21163879
23377273
22056201
21181786
17719567
21387380
22155218
18823229
17524665
18698432
19540861
19560121
20621638
21189415
22479566
20610756
20026227
18540916
21936740
21813693
20044886
19666577
19091966
21258093
18550622
22432455
19091328
21162046
21530556
21091867
20972398
20862456
23939437
20140099
19172646
21259388
21047644
18633819
19176830
19643118
22163498
23056477
20124119
22159109
18577547
20194482
20617526
21439386
20934519
17988895
21849646
21364772
21349338
17700019
20728875
17485785
19104049
17996463
20410145
20843875
21261450
21621144
21041614
19188539
20166792
21880911
19767414
22095746
19124688
21300944
21356112
18367428
17679639
19446646