11335694
15850749
17266106
17409238
18817740
21305668
21725038
21880922
22073183
22209784
22440654
22514317
23202664
23261640
25771712
25811453
25852527
25875594
25935068
26000735
26116964
26125559
26142270
26341544
26419391
26452176
26584870
26806289
27107470
27391013
27633395
27677231
27845254
27864079
27864082
27908787
27989774
28129057
28168598
28179164
28219776
28246034
28300639
28320846
28392763
28439014
28441460
28521007
28701382
28709987
28827095
28968426
28991914
29084283
29131744
29337278
29496614
29542095
29753107
20509977
25738502
24179745
30364298
25316338
24496175
26686668
25057823
22310704
25309726
25076879
30728301
22270812
26344547
29990584
25194848
30852994
25816237
19289173
21473890
21653723
22198968
22675289
23382821
23485851
23578759
23760982
24236763
24243619
24269492
24282397
24553928
24824880
24844746
24979343
25324714
25527113
25603027
25671502
25798082
25844531
26218431
26222050
26254112
26301954
26350954
26434803
26635585
26696871
27014038
27662589
28160686
28213119
28605662
28716966
28729441
28946039
28957344
29107746
29107769
29107771
29518712
29519851
29556183
21798355
30806350
22437053
26888926
27485753
26037235
24994979
24550270
23628139
24780899
20978908
24633738
29560875
25148416
27461122
23194819
29662095
25914639
27510902
30670082
27313047
21224415
30340041
28947835
28262939
27375408
27027775
30399153
27171199
29253653
26816612
26723103
23055513
20547229
28771482
26936938
26836205
27688934
27006113
30575799
25864634
28910669
26386348
28826495
24133268
27045292
16868087
28077722
28602689
27071089
28842597
26999822
27803286
32219378
30627631
22918987
30471149
21331082
30981164
22319593
25665667
27162349
30420501
30203082
30061413
26539094
26831208
28842567
30420714
28852151
28419914
28736307
28575483
23163491
30842910
30905834
27779621
28381986
30560782
29192256
27445208
23755001
28475756
28798131
27845779
27657452
29575246
27307242
27354150
29282834
31451671
30389345
28968758
24920856
29072793
28719076
30038007
30067939
29131720
31201296
28295877
30418656
31595302
27286736
24690369
27996964
29561263
22178808
28803868
29049406
28076421
28390148
28100748
31617662
31128318
27876653
28235080
28418398
24878823
28402561
29105239
30423467
28254510
28833940
30655534
24869925
29517857
28634305
29176580
30012623
33230131
29415156
28397392
29339310
29083301
29162519
30013923
30189332
31275236
32301993
30656184
28986564
29097112
29311880
31624305
28288700
28901287
29078345
22654746
29338547
32992002
30737306
29152222
30085317
21909731
32067635
22262880
28461058
20668207
25911123
28821746
24220041
29911176
31268419
24305817
15846815
30106968
30255220
31427523
29106319
29059185
29223679
31464686
29893753
30235321
29460351
29466364
16139527
30290029
30071076
30339662
30847472
29461514
29069521
24915964
29462475
29226484
25584461
29531361
27922632
26311605
27736872
29664465
32152105
29522160
33281580
26117505
30282742
30816090
30579902
29803959
24904336
27236083
30254336
29682852
30891491
26543004
30556596
30793072
24609465
33408410
30654645
19620724
31453811
23055501
30950792
34464442
26802367
26884746
25554428
27014732
23689016
26150480
29326231
29853553
33180843
28947790
29902226
23747961
24956065
29717540
24339802
33257568
25446951
23507394
25462801
29940284
20656036
31961854
21555080
28692686
31594966
31506426
30282731
27532633
30531858
26979659
31066137
26965906
26244873
25982222
29944961
25331597
26733866
25651064
24399179
20056149
29447377
23791915
24115159
23684880
25619891
26029095
28179221
22806915
27145472
28264981
30446530
30542659
25459409
26517540
27195942
29618125
29335889
28900267
27344035
28473626
29618082
27230218
33409490
31398555
32161102
27688764
30648315
27917106
29034316
31827073
27791099
30420682
30877791
22745508
31504959
29235190
31348599
31355334
32188908
26098873
28951832
30594569
30565343
29464194
17973998
30496171
29184096
29259152
25306549
30924769
28757305
27323928
25249407
31396060
30646331
30608970
30608610
29087940
31670069
21692142
27702899
28820894
31729115
31444333
29362449
29063521
31248918
32799058
32601212
26106536
31376163
28948083
29442271
28256532
31498505
31075284
28163141
29791298
30297824
31340017
31077983
22366334
31110338
31588508
31465601
32943668
32596456
28382935
33203741
28018192
32163162
29084981
31685830
29509766
27044997
32058003
33030267
32030837
28777056
27247125
27693256
31170138
32045732
31408106
31609045
29490088
31773802
32437762
30867073
30388113
30852995
31729396
31670769
31814997
32868885
31882947
32275880
31884223
30502352
33060292
31881858
32690678
33368868
32503986
31422797
32013688
32715898
32187528
28808037
32725752
31820793
33567443
33395612
34373896
32179822
32130881
35113308
31533067
33385564
33449108
30946459
31032025
33067452
31680151
32450251
32294538
33189928
34224796
30534092
32320123
32525609
33343310
32522664
30189904
33055212
33359341
31836661
33087746
31797874
34052365
33070432
30395174
33331960
33093488
33848962
32961404
32830094
29292378
33639845
30957359
30085255
33262228
33139321
22806938
34171560
36658459
29936358
33180768
33469886
35347127
28658252
31754103
30082718
26924965
34330774
29916791
33247212
32919405
33230282
31186425
30038232
25378157
27391364
33314443
33285329
32702288
33381758
32072938
23867619
34380761
36426846
35203903
32958570
33927414
35586919
34147817
22487039
34418401
28450543
33284080
36347621
35429045
33611148
31993654
30061189
33278823
32234781
31756586
33400717
31591965
32514135
35444305
33385547
36719914
31633061
35914669
30016496
34296184
35245790
34963651
35259422
35046506
37093304
37114163
33952652
36526708
36130101
34477265
35051582
35860954
31373730
32848943
25813790
31894103
30021460
35165200
35710930
35739150
36222614
34166604
